15 15 1733239351
21 17 1733239351
37 18 1733239351
49 19 1733239351
112 20 1733239351
129 23 1733239351
132 24 1733239351
142 25 1733239351
15 14.9958 1733239381
21 17.1082 1733239381
37 18.0839 1733239381
49 19.022 1733239381
112 20.232 1733239381
129 22.9827 1733239381
132 23.7925 1733239381
142 25.2203 1733239381
15 15.2377 1733239411
21 17.2354 1733239411
37 17.9207 1733239411
49 19.2418 1733239411
112 20.1225 1733239411
129 22.8171 1733239411
132 23.5688 1733239411
142 25.3475 1733239411
15 14.9988 1733239441
21 17.4635 1733239441
37 17.8773 1733239441
49 19.2078 1733239441
112 20.1061 1733239441
129 22.6692 1733239441
132 23.4214 1733239441
142 25.1906 1733239441
15 15.0449 1733239471
21 17.6619 1733239471
37 17.7089 1733239471
49 19.0827 1733239471
112 20.2643 1733239471
129 22.768 1733239471
132 23.5699 1733239471
142 25.3157 1733239471
15 14.8446 1733239501
21 17.4699 1733239501
37 17.9494 1733239501
49 19.0227 1733239501
112 20.4856 1733239501
129 23.0117 1733239501
132 23.5915 1733239501
142 25.2337 1733239501
15 14.9859 1733239531
21 17.5176 1733239531
37 18.0568 1733239531
49 19.2461 1733239531
112 20.2459 1733239531
129 23.2358 1733239531
132 23.3877 1733239531
142 25.0652 1733239531
15 14.977 1733239561
21 17.5629 1733239561
37 18.2942 1733239561
49 18.9989 1733239561
112 20.2152 1733239561
129 23.1618 1733239561
132 23.572 1733239561
142 25.176 1733239561
15 15.1495 1733239591
21 17.7078 1733239591
37 18.2167 1733239591
49 19.0996 1733239591
112 20.0111 1733239591
129 22.9152 1733239591
132 23.6889 1733239591
142 25.2958 1733239591
15 14.9364 1733239621
21 17.7044 1733239621
37 18.3488 1733239621
49 19.0705 1733239621
112 20.0879 1733239621
129 22.9934 1733239621
132 23.8373 1733239621
142 25.0852 1733239621
15 15.0635 1733239651
21 17.7246 1733239651
37 18.5116 1733239651
49 19.3158 1733239651
112 19.914 1733239651
129 23.0764 1733239651
132 23.9343 1733239651
142 25.0044 1733239651
15 14.8769 1733239681
21 17.9725 1733239681
37 18.6092 1733239681
49 19.1411 1733239681
112 19.7207 1733239681
129 22.9873 1733239681
132 24.1077 1733239681
142 25.1897 1733239681
15 14.8303 1733239711
21 17.8166 1733239711
37 18.8519 1733239711
49 18.8996 1733239711
112 19.6294 1733239711
129 22.8247 1733239711
132 24.1149 1733239711
142 25.3624 1733239711
15 14.7824 1733239741
21 17.8489 1733239741
37 18.6969 1733239741
49 18.9596 1733239741
112 19.8676 1733239741
129 22.6925 1733239741
132 24.3416 1733239741
142 25.6067 1733239741
15 14.9058 1733239771
21 18.0749 1733239771
37 18.5587 1733239771
49 18.778 1733239771
112 19.9851 1733239771
129 22.9297 1733239771
132 24.405 1733239771
142 25.6704 1733239771
15 14.8891 1733239801
21 17.9481 1733239801
37 18.4078 1733239801
49 18.9083 1733239801
112 19.9647 1733239801
129 22.6972 1733239801
132 24.2535 1733239801
142 25.7733 1733239801
15 14.9262 1733239831
21 17.8269 1733239831
37 18.5687 1733239831
49 19.0288 1733239831
112 19.8175 1733239831
129 22.5837 1733239831
132 24.5028 1733239831
142 25.7839 1733239831
15 14.9348 1733239861
21 17.7856 1733239861
37 18.6682 1733239861
49 18.8133 1733239861
112 19.6261 1733239861
129 22.4566 1733239861
132 24.6401 1733239861
142 25.5428 1733239861
15 14.7314 1733239891
21 17.6979 1733239891
37 18.6088 1733239891
49 18.9535 1733239891
112 19.4995 1733239891
129 22.4834 1733239891
132 24.7633 1733239891
142 25.6022 1733239891
15 14.7191 1733239921
21 17.7767 1733239921
37 18.4695 1733239921
49 19.1394 1733239921
112 19.4849 1733239921
129 22.4823 1733239921
132 24.7535 1733239921
142 25.7242 1733239921
15 14.7159 1733239951
21 17.9273 1733239951
37 18.7053 1733239951
49 19.0759 1733239951
112 19.5934 1733239951
129 22.4157 1733239951
132 24.8105 1733239951
142 25.6461 1733239951
15 14.5701 1733239981
21 18.0054 1733239981
37 18.7442 1733239981
49 18.937 1733239981
112 19.7017 1733239981
129 22.311 1733239981
132 24.6685 1733239981
142 25.4083 1733239981
15 14.3829 1733240011
21 17.9967 1733240011
37 18.9044 1733240011
49 18.7816 1733240011
112 19.6304 1733240011
129 22.561 1733240011
132 24.6466 1733240011
142 25.4504 1733240011
15 14.1801 1733240041
21 17.902 1733240041
37 18.795 1733240041
49 18.6607 1733240041
112 19.634 1733240041
129 22.3269 1733240041
132 24.5453 1733240041
142 25.242 1733240041
15 13.9596 1733240071
21 17.8491 1733240071
37 18.8586 1733240071
49 18.6871 1733240071
112 19.82 1733240071
129 22.5151 1733240071
132 24.3579 1733240071
142 25.4295 1733240071
15 13.8815 1733240101
21 17.8147 1733240101
37 18.7778 1733240101
49 18.4848 1733240101
112 19.5918 1733240101
129 22.4257 1733240101
132 24.3996 1733240101
142 25.3778 1733240101
15 13.674 1733240131
21 17.9544 1733240131
37 18.944 1733240131
49 18.461 1733240131
112 19.5436 1733240131
129 22.5656 1733240131
132 24.3523 1733240131
142 25.5729 1733240131
15 13.8015 1733240161
21 18.0575 1733240161
37 18.8893 1733240161
49 18.4938 1733240161
112 19.7752 1733240161
129 22.6656 1733240161
132 24.4459 1733240161
142 25.6412 1733240161
15 13.7802 1733240191
21 18.1943 1733240191
37 18.8523 1733240191
49 18.695 1733240191
112 19.7854 1733240191
129 22.5406 1733240191
132 24.6393 1733240191
142 25.7654 1733240191
15 13.9449 1733240221
21 18.3662 1733240221
37 18.801 1733240221
49 18.6313 1733240221
112 19.919 1733240221
129 22.463 1733240221
132 24.7897 1733240221
142 25.5268 1733240221
15 14.1573 1733240251
21 18.5171 1733240251
37 18.6127 1733240251
49 18.5534 1733240251
112 19.7078 1733240251
129 22.5884 1733240251
132 25.0029 1733240251
142 25.7181 1733240251
15 14.1182 1733240281
21 18.2905 1733240281
37 18.5261 1733240281
49 18.5417 1733240281
112 19.8431 1733240281
129 22.5489 1733240281
132 25.1979 1733240281
142 25.9498 1733240281
15 14.2963 1733240311
21 18.5317 1733240311
37 18.7745 1733240311
49 18.3078 1733240311
112 19.8764 1733240311
129 22.5268 1733240311
132 24.9923 1733240311
142 25.9398 1733240311
15 14.2226 1733240341
21 18.3975 1733240341
37 18.8031 1733240341
49 18.4469 1733240341
112 20.0337 1733240341
129 22.3133 1733240341
132 24.8882 1733240341
142 25.7438 1733240341
15 14.2266 1733240371
21 18.1859 1733240371
37 18.9963 1733240371
49 18.4937 1733240371
112 20.1914 1733240371
129 22.438 1733240371
132 24.9937 1733240371
142 25.867 1733240371
15 14.3045 1733240401
21 18.2614 1733240401
37 19.2207 1733240401
49 18.4506 1733240401
112 20.0582 1733240401
129 22.3257 1733240401
132 25.2298 1733240401
142 25.7163 1733240401
15 14.4225 1733240431
21 18.3938 1733240431
37 19.0613 1733240431
49 18.3024 1733240431
112 19.8845 1733240431
129 22.4714 1733240431
132 25.2239 1733240431
142 25.7154 1733240431
15 14.3681 1733240461
21 18.5602 1733240461
37 19.2052 1733240461
49 18.1696 1733240461
112 20.0382 1733240461
129 22.2269 1733240461
132 25.4609 1733240461
142 25.6359 1733240461
15 14.4686 1733240491
21 18.4523 1733240491
37 19.3537 1733240491
49 17.9533 1733240491
112 19.9876 1733240491
129 22.3487 1733240491
132 25.3223 1733240491
142 25.8034 1733240491
15 14.3159 1733240521
21 18.6982 1733240521
37 19.1377 1733240521
49 17.842 1733240521
112 20.0849 1733240521
129 22.3519 1733240521
132 25.4803 1733240521
142 25.8434 1733240521
15 14.2506 1733240551
21 18.808 1733240551
37 19.1037 1733240551
49 17.6685 1733240551
112 19.9845 1733240551
129 22.3544 1733240551
132 25.2953 1733240551
142 26.0429 1733240551
15 14.4967 1733240581
21 18.7217 1733240581
37 19.2576 1733240581
49 17.5706 1733240581
112 20.0253 1733240581
129 22.3498 1733240581
132 25.4793 1733240581
142 26.2461 1733240581
15 14.677 1733240611
21 18.7082 1733240611
37 19.2268 1733240611
49 17.5011 1733240611
112 19.905 1733240611
129 22.1264 1733240611
132 25.4044 1733240611
142 26.4828 1733240611
15 14.7048 1733240641
21 18.8916 1733240641
37 19.1604 1733240641
49 17.6094 1733240641
112 19.9218 1733240641
129 22.2301 1733240641
132 25.6399 1733240641
142 26.269 1733240641
15 14.9254 1733240671
21 18.9938 1733240671
37 19.3531 1733240671
49 17.6483 1733240671
112 19.9223 1733240671
129 22.3498 1733240671
132 25.6672 1733240671
142 26.2306 1733240671
15 15.0863 1733240701
21 19.1242 1733240701
37 19.5871 1733240701
49 17.6074 1733240701
112 19.8178 1733240701
129 22.1711 1733240701
132 25.8261 1733240701
142 26.4041 1733240701
15 14.9439 1733240731
21 19.2633 1733240731
37 19.6615 1733240731
49 17.5078 1733240731
112 20.0644 1733240731
129 21.9895 1733240731
132 25.9742 1733240731
142 26.2716 1733240731
15 14.7721 1733240761
21 19.1124 1733240761
37 19.8479 1733240761
49 17.4771 1733240761
112 20.3126 1733240761
129 22.0914 1733240761
132 26.1595 1733240761
142 26.3164 1733240761
15 14.93 1733240791
21 19.3594 1733240791
37 19.9033 1733240791
49 17.6166 1733240791
112 20.4542 1733240791
129 21.9849 1733240791
132 26.4072 1733240791
142 26.1443 1733240791
15 15.1712 1733240821
21 19.2809 1733240821
37 20.121 1733240821
49 17.5601 1733240821
112 20.4989 1733240821
129 21.8899 1733240821
132 26.5704 1733240821
142 26.0296 1733240821
15 15.2421 1733240851
21 19.1045 1733240851
37 20.0194 1733240851
49 17.7386 1733240851
112 20.5387 1733240851
129 21.8619 1733240851
132 26.6741 1733240851
142 26.1242 1733240851
15 15.2195 1733240881
21 19.334 1733240881
37 20.0065 1733240881
49 17.5135 1733240881
112 20.4687 1733240881
129 21.9248 1733240881
132 26.8788 1733240881
142 26.0319 1733240881
15 15.1936 1733240911
21 19.431 1733240911
37 20.0248 1733240911
49 17.7474 1733240911
112 20.5738 1733240911
129 22.0067 1733240911
132 26.6612 1733240911
142 26.0061 1733240911
15 14.9943 1733240941
21 19.4953 1733240941
37 20.1136 1733240941
49 17.8475 1733240941
112 20.5227 1733240941
129 22.2094 1733240941
132 26.662 1733240941
142 26.2096 1733240941
15 14.9121 1733240971
21 19.528 1733240971
37 20.3538 1733240971
49 18.0797 1733240971
112 20.6773 1733240971
129 22.3768 1733240971
132 26.4324 1733240971
142 26.2715 1733240971
15 14.9671 1733241001
21 19.6428 1733241001
37 20.6033 1733241001
49 18.2975 1733241001
112 20.8898 1733241001
129 22.4629 1733241001
132 26.6256 1733241001
142 26.331 1733241001
15 14.9372 1733241031
21 19.8464 1733241031
37 20.6278 1733241031
49 18.412 1733241031
112 21.0674 1733241031
129 22.7129 1733241031
132 26.5887 1733241031
142 26.3634 1733241031
15 14.7807 1733241061
21 19.884 1733241061
37 20.5017 1733241061
49 18.2166 1733241061
112 21.1934 1733241061
129 22.5665 1733241061
132 26.399 1733241061
142 26.3696 1733241061
15 14.9694 1733241091
21 19.7779 1733241091
37 20.3291 1733241091
49 18.3445 1733241091
112 21.1522 1733241091
129 22.3491 1733241091
132 26.233 1733241091
142 26.4881 1733241091
15 14.7997 1733241121
21 19.7197 1733241121
37 20.246 1733241121
49 18.4307 1733241121
112 21.0738 1733241121
129 22.1319 1733241121
132 26.138 1733241121
142 26.2745 1733241121
15 14.6691 1733241151
21 19.5469 1733241151
37 20.1313 1733241151
49 18.2538 1733241151
112 20.9366 1733241151
129 22.0044 1733241151
132 26.3665 1733241151
142 26.2984 1733241151
15 14.7977 1733241181
21 19.7873 1733241181
37 20.3167 1733241181
49 18.501 1733241181
112 20.803 1733241181
129 21.8037 1733241181
132 26.5172 1733241181
142 26.3582 1733241181
15 14.6434 1733241211
21 19.8246 1733241211
37 20.1585 1733241211
49 18.6036 1733241211
112 20.7664 1733241211
129 21.9734 1733241211
132 26.3771 1733241211
142 26.5114 1733241211
15 14.5062 1733241241
21 19.7755 1733241241
37 19.9582 1733241241
49 18.5914 1733241241
112 20.9044 1733241241
129 22.073 1733241241
132 26.1602 1733241241
142 26.2928 1733241241
15 14.7475 1733241271
21 19.8001 1733241271
37 19.7138 1733241271
49 18.3854 1733241271
112 20.7262 1733241271
129 21.9189 1733241271
132 26.3591 1733241271
142 26.448 1733241271
15 14.8649 1733241301
21 19.9496 1733241301
37 19.8792 1733241301
49 18.1453 1733241301
112 20.7153 1733241301
129 21.7926 1733241301
132 26.255 1733241301
142 26.2672 1733241301
15 15.0652 1733241331
21 19.9143 1733241331
37 20.0372 1733241331
49 17.9849 1733241331
112 20.5621 1733241331
129 22.0064 1733241331
132 26.3389 1733241331
142 26.18 1733241331
15 15.1758 1733241361
21 19.8219 1733241361
37 19.9749 1733241361
49 17.8269 1733241361
112 20.5045 1733241361
129 22.2441 1733241361
132 26.5645 1733241361
142 26.1805 1733241361
15 15.4209 1733241391
21 19.6849 1733241391
37 19.9232 1733241391
49 17.6533 1733241391
112 20.2983 1733241391
129 22.4014 1733241391
132 26.5602 1733241391
142 26.4047 1733241391
15 15.4773 1733241421
21 19.8528 1733241421
37 20.0021 1733241421
49 17.6885 1733241421
112 20.1867 1733241421
129 22.515 1733241421
132 26.7456 1733241421
142 26.3054 1733241421
15 15.5152 1733241451
21 20.0243 1733241451
37 20.0475 1733241451
49 17.8889 1733241451
112 20.2692 1733241451
129 22.6909 1733241451
132 26.8173 1733241451
142 26.3647 1733241451
15 15.3157 1733241481
21 20.1629 1733241481
37 20.2856 1733241481
49 17.7776 1733241481
112 20.3461 1733241481
129 22.6081 1733241481
132 26.8503 1733241481
142 26.1805 1733241481
15 15.2623 1733241511
21 20.1744 1733241511
37 20.1215 1733241511
49 17.9144 1733241511
112 20.5894 1733241511
129 22.5708 1733241511
132 26.9046 1733241511
142 26.0685 1733241511
15 15.2084 1733241541
21 20.0856 1733241541
37 19.93 1733241541
49 17.9028 1733241541
112 20.7123 1733241541
129 22.6109 1733241541
132 27.0858 1733241541
142 26.0482 1733241541
15 15.1477 1733241571
21 19.8553 1733241571
37 20.0131 1733241571
49 18.064 1733241571
112 20.6322 1733241571
129 22.6793 1733241571
132 27.0842 1733241571
142 26.2592 1733241571
15 14.9534 1733241601
21 19.9876 1733241601
37 20.151 1733241601
49 18.0296 1733241601
112 20.4044 1733241601
129 22.9173 1733241601
132 26.8717 1733241601
142 26.4788 1733241601
15 14.9116 1733241631
21 19.9467 1733241631
37 20.242 1733241631
49 18.2722 1733241631
112 20.392 1733241631
129 22.7401 1733241631
132 27.054 1733241631
142 26.5209 1733241631
15 15.0536 1733241661
21 20.1308 1733241661
37 20.2406 1733241661
49 18.2838 1733241661
112 20.1855 1733241661
129 22.9009 1733241661
132 26.9353 1733241661
142 26.3823 1733241661
15 15.1033 1733241691
21 19.9945 1733241691
37 20.2774 1733241691
49 18.4881 1733241691
112 20.1545 1733241691
129 22.7146 1733241691
132 26.7323 1733241691
142 26.6041 1733241691
15 14.8889 1733241721
21 19.9482 1733241721
37 20.3205 1733241721
49 18.2906 1733241721
112 20.1462 1733241721
129 22.6006 1733241721
132 26.6462 1733241721
142 26.4291 1733241721
15 15.0379 1733241751
21 20.0578 1733241751
37 20.3339 1733241751
49 18.2144 1733241751
112 20.1975 1733241751
129 22.4475 1733241751
132 26.7561 1733241751
142 26.4903 1733241751
15 14.8809 1733241781
21 19.9542 1733241781
37 20.4348 1733241781
49 18.0858 1733241781
112 20.1615 1733241781
129 22.3902 1733241781
132 26.9971 1733241781
142 26.4659 1733241781
15 14.9265 1733241811
21 19.8818 1733241811
37 20.3843 1733241811
49 18.0009 1733241811
112 20.3009 1733241811
129 22.3263 1733241811
132 26.9222 1733241811
142 26.4118 1733241811
15 14.7595 1733241841
21 20.1055 1733241841
37 20.1772 1733241841
49 18.084 1733241841
112 20.1404 1733241841
129 22.2612 1733241841
132 27.0944 1733241841
142 26.329 1733241841
15 14.9393 1733241871
21 20.1095 1733241871
37 20.3728 1733241871
49 18.1015 1733241871
112 20.1407 1733241871
129 22.2571 1733241871
132 26.8816 1733241871
142 26.4794 1733241871
15 15.1521 1733241901
21 20.2783 1733241901
37 20.4422 1733241901
49 18.0987 1733241901
112 20.0135 1733241901
129 22.2622 1733241901
132 26.7303 1733241901
142 26.5255 1733241901
15 15.1992 1733241931
21 20.2121 1733241931
37 20.6371 1733241931
49 18.1324 1733241931
112 20.1943 1733241931
129 22.3 1733241931
132 26.7326 1733241931
142 26.7646 1733241931
15 15.0828 1733241961
21 20.1253 1733241961
37 20.5351 1733241961
49 18.1572 1733241961
112 20.0814 1733241961
129 22.2935 1733241961
132 26.5641 1733241961
142 26.5668 1733241961
15 15.1905 1733241991
21 20.045 1733241991
37 20.3121 1733241991
49 17.947 1733241991
112 20.0855 1733241991
129 22.0858 1733241991
132 26.7364 1733241991
142 26.6258 1733241991
15 15.0776 1733242021
21 19.9215 1733242021
37 20.2683 1733242021
49 17.8618 1733242021
112 20.2695 1733242021
129 21.8706 1733242021
132 26.6477 1733242021
142 26.8081 1733242021
15 15.3075 1733242051
21 19.9069 1733242051
37 20.5119 1733242051
49 18.0734 1733242051
112 20.3485 1733242051
129 21.6769 1733242051
132 26.7128 1733242051
142 26.7544 1733242051
15 15.4401 1733242081
21 20.1079 1733242081
37 20.3183 1733242081
49 18.2995 1733242081
112 20.5128 1733242081
129 21.6266 1733242081
132 26.4888 1733242081
142 26.9602 1733242081
15 15.2554 1733242111
21 20.2035 1733242111
37 20.3529 1733242111
49 18.4388 1733242111
112 20.389 1733242111
129 21.8158 1733242111
132 26.2557 1733242111
142 26.8646 1733242111
15 15.3702 1733242141
21 20.0885 1733242141
37 20.5108 1733242141
49 18.5088 1733242141
112 20.4202 1733242141
129 21.7359 1733242141
132 26.0486 1733242141
142 27.0109 1733242141
15 15.2529 1733242171
21 20.287 1733242171
37 20.4028 1733242171
49 18.7329 1733242171
112 20.4748 1733242171
129 21.543 1733242171
132 26.2408 1733242171
142 27.1361 1733242171
15 15.4663 1733242201
21 20.4339 1733242201
37 20.3457 1733242201
49 18.7638 1733242201
112 20.5411 1733242201
129 21.6014 1733242201
132 26.0332 1733242201
142 27.1061 1733242201
15 15.4768 1733242231
21 20.2699 1733242231
37 20.4083 1733242231
49 18.6442 1733242231
112 20.3849 1733242231
129 21.4492 1733242231
132 26.1768 1733242231
142 26.9647 1733242231
15 15.2613 1733242261
21 20.4925 1733242261
37 20.4701 1733242261
49 18.4409 1733242261
112 20.4866 1733242261
129 21.5559 1733242261
132 26.0394 1733242261
142 27.0076 1733242261
15 15.424 1733242291
21 20.58 1733242291
37 20.6745 1733242291
49 18.3276 1733242291
112 20.4013 1733242291
129 21.3634 1733242291
132 26.288 1733242291
142 26.7644 1733242291
15 15.3084 1733242321
21 20.5087 1733242321
37 20.4492 1733242321
49 18.4887 1733242321
112 20.3292 1733242321
129 21.4911 1733242321
132 26.0769 1733242321
142 26.5638 1733242321
