15 15 1732557581
21 17 1732557581
37 18 1732557581
49 19 1732557581
112 20 1732557581
129 23 1732557581
132 24 1732557581
142 25 1732557581
15 15.0508 1732557611
21 16.7878 1732557611
37 18.0683 1732557611
49 18.963 1732557611
112 19.9826 1732557611
129 22.8491 1732557611
132 23.944 1732557611
142 24.9889 1732557611
15 14.8687 1732557641
21 16.9685 1732557641
37 17.8516 1732557641
49 19.0754 1732557641
112 20.079 1732557641
129 23.0714 1732557641
132 23.7788 1732557641
142 24.8222 1732557641
15 14.7333 1732557671
21 17.1161 1732557671
37 17.8441 1732557671
49 19.313 1732557671
112 20.0122 1732557671
129 22.959 1732557671
132 23.884 1732557671
142 24.9653 1732557671
15 14.7852 1732557701
21 16.9706 1732557701
37 18.0775 1732557701
49 19.2987 1732557701
112 20.0189 1732557701
129 22.9383 1732557701
132 23.9876 1732557701
142 24.8498 1732557701
15 14.9968 1732557731
21 17.0466 1732557731
37 17.841 1732557731
49 19.259 1732557731
112 20.0171 1732557731
129 23.1265 1732557731
132 24.0656 1732557731
142 24.6809 1732557731
15 14.7809 1732557761
21 16.8151 1732557761
37 17.7734 1732557761
49 19.4421 1732557761
112 20.199 1732557761
129 23.2601 1732557761
132 23.9713 1732557761
142 24.8707 1732557761
15 14.6618 1732557791
21 16.889 1732557791
37 17.5588 1732557791
49 19.4582 1732557791
112 20.0046 1732557791
129 23.2657 1732557791
132 23.7264 1732557791
142 24.8403 1732557791
15 14.4791 1732557821
21 17.1218 1732557821
37 17.3444 1732557821
49 19.4709 1732557821
112 20.0467 1732557821
129 23.1106 1732557821
132 23.6365 1732557821
142 24.9543 1732557821
15 14.6462 1732557851
21 16.8845 1732557851
37 17.2174 1732557851
49 19.4995 1732557851
112 20.2264 1732557851
129 23.0646 1732557851
132 23.553 1732557851
142 24.8002 1732557851
15 14.7514 1732557881
21 16.6396 1732557881
37 17.4465 1732557881
49 19.5409 1732557881
112 20.4416 1732557881
129 23.0154 1732557881
132 23.7674 1732557881
142 24.9206 1732557881
15 14.9749 1732557911
21 16.4452 1732557911
37 17.5526 1732557911
49 19.5568 1732557911
112 20.4211 1732557911
129 22.8941 1732557911
132 23.7768 1732557911
142 24.9493 1732557911
15 15.0956 1732557941
21 16.3146 1732557941
37 17.4317 1732557941
49 19.361 1732557941
112 20.2429 1732557941
129 22.9851 1732557941
132 23.5673 1732557941
142 24.929 1732557941
15 14.9874 1732557971
21 16.0887 1732557971
37 17.5626 1732557971
49 19.3509 1732557971
112 19.9945 1732557971
129 22.7922 1732557971
132 23.7206 1732557971
142 24.8973 1732557971
15 15.1569 1732558001
21 16.2749 1732558001
37 17.6021 1732558001
49 19.1193 1732558001
112 20.2393 1732558001
129 22.6178 1732558001
132 23.6159 1732558001
142 25.1427 1732558001
15 15.2534 1732558031
21 16.3168 1732558031
37 17.7357 1732558031
49 19.0234 1732558031
112 20.4316 1732558031
129 22.4583 1732558031
132 23.3715 1732558031
142 25.3674 1732558031
15 15.2969 1732558061
21 16.1224 1732558061
37 17.8438 1732558061
49 19.0477 1732558061
112 20.6212 1732558061
129 22.6308 1732558061
132 23.5144 1732558061
142 25.3668 1732558061
15 15.3136 1732558091
21 16.0316 1732558091
37 17.687 1732558091
49 19.033 1732558091
112 20.6602 1732558091
129 22.6049 1732558091
132 23.7612 1732558091
142 25.2533 1732558091
15 15.3589 1732558121
21 15.8931 1732558121
37 17.7317 1732558121
49 18.8305 1732558121
112 20.6265 1732558121
129 22.7162 1732558121
132 23.8241 1732558121
142 25.2468 1732558121
15 15.2321 1732558151
21 15.6827 1732558151
37 17.7721 1732558151
49 18.9368 1732558151
112 20.7588 1732558151
129 22.6701 1732558151
132 23.8949 1732558151
142 25.1195 1732558151
15 15.2614 1732558181
21 15.7716 1732558181
37 17.9675 1732558181
49 18.9394 1732558181
112 20.81 1732558181
129 22.8995 1732558181
132 23.9821 1732558181
142 25.0585 1732558181
15 15.0558 1732558211
21 15.6847 1732558211
37 18.1434 1732558211
49 18.9226 1732558211
112 20.832 1732558211
129 22.81 1732558211
132 24.172 1732558211
142 24.9884 1732558211
15 15.294 1732558241
21 15.6176 1732558241
37 18.0312 1732558241
49 19.1084 1732558241
112 20.9405 1732558241
129 22.6168 1732558241
132 24.2156 1732558241
142 24.8105 1732558241
15 15.1418 1732558271
21 15.7434 1732558271
37 17.8582 1732558271
49 19.2134 1732558271
112 21.0477 1732558271
129 22.7442 1732558271
132 24.2045 1732558271
142 24.5757 1732558271
15 14.9752 1732558301
21 15.5838 1732558301
37 17.6961 1732558301
49 19.0393 1732558301
112 20.8274 1732558301
129 22.5102 1732558301
132 24.0531 1732558301
142 24.821 1732558301
15 14.9257 1732558331
21 15.5752 1732558331
37 17.5417 1732558331
49 18.9693 1732558331
112 20.7594 1732558331
129 22.4436 1732558331
132 24.1413 1732558331
142 24.7006 1732558331
15 15.0711 1732558361
21 15.5795 1732558361
37 17.5762 1732558361
49 19.0584 1732558361
112 20.9311 1732558361
129 22.477 1732558361
132 24.3653 1732558361
142 24.6245 1732558361
15 15.0683 1732558391
21 15.6044 1732558391
37 17.7547 1732558391
49 19.0639 1732558391
112 20.8115 1732558391
129 22.3045 1732558391
132 24.5664 1732558391
142 24.4143 1732558391
15 14.8632 1732558421
21 15.5541 1732558421
37 17.6478 1732558421
49 18.8239 1732558421
112 20.9116 1732558421
129 22.2927 1732558421
132 24.4515 1732558421
142 24.5025 1732558421
15 15.031 1732558451
21 15.5668 1732558451
37 17.6065 1732558451
49 18.6184 1732558451
112 21.0503 1732558451
129 22.3679 1732558451
132 24.2455 1732558451
142 24.4572 1732558451
15 14.9891 1732558481
21 15.5505 1732558481
37 17.7015 1732558481
49 18.8108 1732558481
112 20.8208 1732558481
129 22.1637 1732558481
132 24.0154 1732558481
142 24.6259 1732558481
15 14.9916 1732558511
21 15.5505 1732558511
37 17.802 1732558511
49 18.9303 1732558511
112 20.7422 1732558511
129 22.2995 1732558511
132 23.9516 1732558511
142 24.4708 1732558511
15 15.172 1732558541
21 15.6971 1732558541
37 17.9534 1732558541
49 18.6824 1732558541
112 20.9446 1732558541
129 22.3496 1732558541
132 23.9618 1732558541
142 24.2368 1732558541
15 15.1298 1732558571
21 15.8481 1732558571
37 17.7051 1732558571
49 18.4352 1732558571
112 21.022 1732558571
129 22.2574 1732558571
132 23.8082 1732558571
142 24.4571 1732558571
15 14.8892 1732558601
21 15.7852 1732558601
37 17.5656 1732558601
49 18.2816 1732558601
112 20.8518 1732558601
129 22.0325 1732558601
132 23.7722 1732558601
142 24.4901 1732558601
15 14.6696 1732558631
21 15.5945 1732558631
37 17.6424 1732558631
49 18.0976 1732558631
112 20.6749 1732558631
129 21.9356 1732558631
132 23.546 1732558631
142 24.2944 1732558631
15 14.5207 1732558661
21 15.7941 1732558661
37 17.5897 1732558661
49 17.8599 1732558661
112 20.508 1732558661
129 21.8924 1732558661
132 23.3042 1732558661
142 24.5153 1732558661
15 14.6846 1732558691
21 16.0123 1732558691
37 17.572 1732558691
49 17.6275 1732558691
112 20.4766 1732558691
129 21.9802 1732558691
132 23.274 1732558691
142 24.6858 1732558691
15 14.7568 1732558721
21 16.2065 1732558721
37 17.3736 1732558721
49 17.7851 1732558721
112 20.3611 1732558721
129 21.8864 1732558721
132 23.1867 1732558721
142 24.4512 1732558721
15 14.5303 1732558751
21 16.1824 1732558751
37 17.3782 1732558751
49 17.6753 1732558751
112 20.4963 1732558751
129 22.1347 1732558751
132 23.3257 1732558751
142 24.2314 1732558751
15 14.5314 1732558781
21 16.1736 1732558781
37 17.2362 1732558781
49 17.8516 1732558781
112 20.6113 1732558781
129 22.012 1732558781
132 23.5702 1732558781
142 24.148 1732558781
15 14.3841 1732558811
21 16.1085 1732558811
37 17.4567 1732558811
49 17.6606 1732558811
112 20.6891 1732558811
129 21.8844 1732558811
132 23.4469 1732558811
142 24.3834 1732558811
15 14.4856 1732558841
21 16.0649 1732558841
37 17.2361 1732558841
49 17.4453 1732558841
112 20.9211 1732558841
129 21.8715 1732558841
132 23.3192 1732558841
142 24.4212 1732558841
15 14.2372 1732558871
21 15.9378 1732558871
37 17.3908 1732558871
49 17.6448 1732558871
112 20.7843 1732558871
129 22.0248 1732558871
132 23.5472 1732558871
142 24.3576 1732558871
15 14.4558 1732558901
21 16.1592 1732558901
37 17.631 1732558901
49 17.6919 1732558901
112 20.6305 1732558901
129 22.1393 1732558901
132 23.3176 1732558901
142 24.184 1732558901
15 14.2926 1732558931
21 16.0508 1732558931
37 17.4208 1732558931
49 17.6608 1732558931
112 20.3968 1732558931
129 21.9949 1732558931
132 23.4471 1732558931
142 24.1447 1732558931
15 14.2185 1732558961
21 16.207 1732558961
37 17.6412 1732558961
49 17.85 1732558961
112 20.5859 1732558961
129 22.0679 1732558961
132 23.3908 1732558961
142 23.9782 1732558961
15 14.0908 1732558991
21 16.33 1732558991
37 17.5478 1732558991
49 17.6678 1732558991
112 20.47 1732558991
129 21.9711 1732558991
132 23.5071 1732558991
142 24.0767 1732558991
15 14.2097 1732559021
21 16.3159 1732559021
37 17.4029 1732559021
49 17.5852 1732559021
112 20.4967 1732559021
129 21.9554 1732559021
132 23.4279 1732559021
142 23.8602 1732559021
15 14.2948 1732559051
21 16.2645 1732559051
37 17.5118 1732559051
49 17.802 1732559051
112 20.5798 1732559051
129 22.1309 1732559051
132 23.2348 1732559051
142 23.9733 1732559051
15 14.1804 1732559081
21 16.0841 1732559081
37 17.5154 1732559081
49 17.8938 1732559081
112 20.7821 1732559081
129 22.0323 1732559081
132 23.1222 1732559081
142 23.795 1732559081
15 13.9313 1732559111
21 16.1457 1732559111
37 17.5251 1732559111
49 17.8497 1732559111
112 20.8088 1732559111
129 22.1556 1732559111
132 22.9198 1732559111
142 23.7092 1732559111
15 13.7315 1732559141
21 16.1294 1732559141
37 17.3551 1732559141
49 17.822 1732559141
112 20.673 1732559141
129 22.0074 1732559141
132 22.8274 1732559141
142 23.6507 1732559141
15 13.4975 1732559171
21 15.9556 1732559171
37 17.5397 1732559171
49 17.8709 1732559171
112 20.8216 1732559171
129 21.9493 1732559171
132 23.056 1732559171
142 23.6082 1732559171
15 13.4155 1732559201
21 16.1344 1732559201
37 17.3502 1732559201
49 17.7544 1732559201
112 20.8823 1732559201
129 22.0528 1732559201
132 22.862 1732559201
142 23.5758 1732559201
15 13.2059 1732559231
21 16.1502 1732559231
37 17.4693 1732559231
49 17.6563 1732559231
112 20.9525 1732559231
129 22.2133 1732559231
132 22.7674 1732559231
142 23.3881 1732559231
15 13.0771 1732559261
21 16.2498 1732559261
37 17.6786 1732559261
49 17.4274 1732559261
112 20.9606 1732559261
129 22.2894 1732559261
132 22.6732 1732559261
142 23.4859 1732559261
15 13.2536 1732559291
21 16.3832 1732559291
37 17.6826 1732559291
49 17.207 1732559291
112 21.0383 1732559291
129 22.4251 1732559291
132 22.6586 1732559291
142 23.4451 1732559291
15 13.3436 1732559321
21 16.1721 1732559321
37 17.871 1732559321
49 17.4487 1732559321
112 21.0022 1732559321
129 22.3702 1732559321
132 22.6063 1732559321
142 23.5753 1732559321
15 13.3651 1732559351
21 16.3183 1732559351
37 17.7286 1732559351
49 17.6751 1732559351
112 20.9083 1732559351
129 22.4313 1732559351
132 22.4714 1732559351
142 23.5849 1732559351
15 13.1664 1732559381
21 16.4335 1732559381
37 17.5714 1732559381
49 17.4857 1732559381
112 20.6703 1732559381
129 22.5455 1732559381
132 22.6062 1732559381
142 23.712 1732559381
15 12.9717 1732559411
21 16.5206 1732559411
37 17.6489 1732559411
49 17.7116 1732559411
112 20.866 1732559411
129 22.7726 1732559411
132 22.6327 1732559411
142 23.8715 1732559411
15 13.0499 1732559441
21 16.4149 1732559441
37 17.7253 1732559441
49 17.9129 1732559441
112 21.0577 1732559441
129 22.6267 1732559441
132 22.51 1732559441
142 23.7661 1732559441
15 13.2523 1732559471
21 16.5201 1732559471
37 17.8774 1732559471
49 17.9204 1732559471
112 21.1763 1732559471
129 22.521 1732559471
132 22.7388 1732559471
142 23.5842 1732559471
15 13.095 1732559501
21 16.3154 1732559501
37 17.7389 1732559501
49 18.0875 1732559501
112 21.2018 1732559501
129 22.5529 1732559501
132 22.672 1732559501
142 23.3606 1732559501
15 12.8763 1732559531
21 16.4852 1732559531
37 17.6214 1732559531
49 18.1209 1732559531
112 20.9951 1732559531
129 22.3191 1732559531
132 22.7256 1732559531
142 23.3362 1732559531
15 12.7222 1732559561
21 16.2845 1732559561
37 17.6655 1732559561
49 18.0527 1732559561
112 21.1245 1732559561
129 22.2981 1732559561
132 22.4932 1732559561
142 23.2285 1732559561
15 12.6498 1732559591
21 16.0417 1732559591
37 17.7623 1732559591
49 17.875 1732559591
112 21.3538 1732559591
129 22.4694 1732559591
132 22.4339 1732559591
142 23.2282 1732559591
15 12.4252 1732559621
21 16.1453 1732559621
37 17.754 1732559621
49 17.8442 1732559621
112 21.5662 1732559621
129 22.6427 1732559621
132 22.512 1732559621
142 23.2995 1732559621
15 12.3813 1732559651
21 16.1223 1732559651
37 17.711 1732559651
49 17.7405 1732559651
112 21.7412 1732559651
129 22.8363 1732559651
132 22.4833 1732559651
142 23.4736 1732559651
15 12.1491 1732559681
21 16.1113 1732559681
37 17.7043 1732559681
49 17.7084 1732559681
112 21.6354 1732559681
129 22.8677 1732559681
132 22.542 1732559681
142 23.3301 1732559681
15 12.1464 1732559711
21 16.3268 1732559711
37 17.7945 1732559711
49 17.4644 1732559711
112 21.4942 1732559711
129 22.9776 1732559711
132 22.3274 1732559711
142 23.2507 1732559711
15 12.3698 1732559741
21 16.1194 1732559741
37 17.752 1732559741
49 17.415 1732559741
112 21.3947 1732559741
129 23.2162 1732559741
132 22.4258 1732559741
142 23.3353 1732559741
15 12.2424 1732559771
21 16.124 1732559771
37 17.6461 1732559771
49 17.3339 1732559771
112 21.6409 1732559771
129 23.3382 1732559771
132 22.5697 1732559771
142 23.1027 1732559771
15 12.194 1732559801
21 15.8768 1732559801
37 17.7186 1732559801
49 17.4804 1732559801
112 21.4578 1732559801
129 23.4998 1732559801
132 22.8077 1732559801
142 23.2681 1732559801
15 11.9902 1732559831
21 15.8195 1732559831
37 17.7174 1732559831
49 17.6593 1732559831
112 21.5117 1732559831
129 23.4949 1732559831
132 22.5742 1732559831
142 23.0219 1732559831
15 11.7848 1732559861
21 15.9415 1732559861
37 17.937 1732559861
49 17.4925 1732559861
112 21.4688 1732559861
129 23.5155 1732559861
132 22.4063 1732559861
142 22.8369 1732559861
15 11.651 1732559891
21 16.067 1732559891
37 17.9231 1732559891
49 17.3623 1732559891
112 21.3613 1732559891
129 23.3531 1732559891
132 22.6162 1732559891
142 22.9226 1732559891
15 11.6581 1732559921
21 16.1267 1732559921
37 17.9781 1732559921
49 17.3608 1732559921
112 21.3885 1732559921
129 23.471 1732559921
132 22.604 1732559921
142 23.0418 1732559921
15 11.5903 1732559951
21 16.2921 1732559951
37 18.0736 1732559951
49 17.4017 1732559951
112 21.4193 1732559951
129 23.3562 1732559951
132 22.7715 1732559951
142 23.023 1732559951
15 11.3815 1732559981
21 16.2464 1732559981
37 17.8774 1732559981
49 17.1911 1732559981
112 21.314 1732559981
129 23.4042 1732559981
132 22.7497 1732559981
142 22.9506 1732559981
15 11.435 1732560011
21 16.2512 1732560011
37 17.6477 1732560011
49 17.2703 1732560011
112 21.2142 1732560011
129 23.1779 1732560011
132 22.9517 1732560011
142 22.7219 1732560011
15 11.4471 1732560041
21 16.1871 1732560041
37 17.5763 1732560041
49 17.1153 1732560041
112 21.1048 1732560041
129 23.1157 1732560041
132 22.9044 1732560041
142 22.9287 1732560041
15 11.3319 1732560071
21 16.0408 1732560071
37 17.5995 1732560071
49 17.049 1732560071
112 21.1899 1732560071
129 23.0296 1732560071
132 22.9494 1732560071
142 22.8728 1732560071
15 11.5764 1732560101
21 16.0175 1732560101
37 17.5661 1732560101
49 17.2844 1732560101
112 21.3944 1732560101
129 22.9184 1732560101
132 22.8412 1732560101
142 22.9782 1732560101
15 11.5294 1732560131
21 16.2232 1732560131
37 17.7895 1732560131
49 17.5129 1732560131
112 21.5614 1732560131
129 23.122 1732560131
132 23.0654 1732560131
142 22.926 1732560131
15 11.456 1732560161
21 16.3172 1732560161
37 17.7389 1732560161
49 17.3623 1732560161
112 21.6125 1732560161
129 23.0461 1732560161
132 22.9422 1732560161
142 23.0314 1732560161
15 11.3688 1732560191
21 16.332 1732560191
37 17.7736 1732560191
49 17.5321 1732560191
112 21.5291 1732560191
129 22.9838 1732560191
132 22.8441 1732560191
142 23.2237 1732560191
15 11.3887 1732560221
21 16.1317 1732560221
37 17.7217 1732560221
49 17.7368 1732560221
112 21.4478 1732560221
129 22.8436 1732560221
132 22.719 1732560221
142 22.9872 1732560221
15 11.3817 1732560251
21 16.3661 1732560251
37 17.5798 1732560251
49 17.5188 1732560251
112 21.402 1732560251
129 22.7487 1732560251
132 22.6544 1732560251
142 22.7993 1732560251
15 11.5846 1732560281
21 16.4299 1732560281
37 17.4876 1732560281
49 17.2931 1732560281
112 21.2282 1732560281
129 22.9012 1732560281
132 22.5132 1732560281
142 22.9686 1732560281
15 11.5577 1732560311
21 16.4819 1732560311
37 17.2446 1732560311
49 17.4233 1732560311
112 21.3491 1732560311
129 22.6807 1732560311
132 22.3069 1732560311
142 22.8512 1732560311
15 11.8032 1732560341
21 16.6654 1732560341
37 17.3086 1732560341
49 17.4738 1732560341
112 21.5002 1732560341
129 22.5768 1732560341
132 22.5167 1732560341
142 22.7233 1732560341
15 11.9554 1732560371
21 16.4391 1732560371
37 17.2775 1732560371
49 17.2862 1732560371
112 21.4305 1732560371
129 22.6222 1732560371
132 22.6069 1732560371
142 22.6246 1732560371
15 11.7994 1732560401
21 16.5156 1732560401
37 17.1349 1732560401
49 17.479 1732560401
112 21.6357 1732560401
129 22.3865 1732560401
132 22.5836 1732560401
142 22.7775 1732560401
15 11.6971 1732560431
21 16.4522 1732560431
37 17.3665 1732560431
49 17.6084 1732560431
112 21.7324 1732560431
129 22.2034 1732560431
132 22.6998 1732560431
142 22.7533 1732560431
15 11.5094 1732560461
21 16.593 1732560461
37 17.2512 1732560461
49 17.8376 1732560461
112 21.5992 1732560461
129 22.0313 1732560461
132 22.8868 1732560461
142 22.8971 1732560461
15 11.4963 1732560491
21 16.4506 1732560491
37 17.0299 1732560491
49 17.8047 1732560491
112 21.3538 1732560491
129 22.0681 1732560491
132 22.7722 1732560491
142 22.6793 1732560491
15 11.6554 1732560521
21 16.3992 1732560521
37 17.0871 1732560521
49 17.7115 1732560521
112 21.5558 1732560521
129 21.858 1732560521
132 22.8048 1732560521
142 22.6012 1732560521
15 11.7365 1732560551
21 16.3448 1732560551
37 17.0673 1732560551
49 17.7583 1732560551
112 21.6753 1732560551
129 22.0259 1732560551
132 22.6286 1732560551
142 22.5836 1732560551
